2.729250676929950714e-02 7.759074866771697998e-02 3.300886601209640503e-02 2.842576242983341217e-02 4.770426824688911438e-02 2.690953202545642853e-02 2.642529457807540894e-02 2.671831473708152771e-02 4.292922466993331909e-02 1.033940631896257401e-02 3.492776304483413696e-02 5.959008932113647461e-01 1.476404909044504166e-02 1.020478783175349236e-03 1.002517645247280598e-03 1.015084562823176384e-03 1.023079501464962959e-03 9.905601618811488152e-04 1.000768155790865421e-03 1.010956009849905968e-03
4.460617154836654663e-02 1.755609661340713501e-01 6.378044933080673218e-02 3.963853046298027039e-02 7.058344036340713501e-02 5.613962933421134949e-02 4.843524098396301270e-02 4.625247791409492493e-02 8.794376254081726074e-02 1.325552910566329956e-02 3.322682902216911316e-02 2.944782078266143799e-01 1.553568243980407715e-02 1.536681200377643108e-03 1.487761386670172215e-03 1.506561879068613052e-03 1.522907521575689316e-03 1.487855101004242897e-03 1.505570020526647568e-03 1.515729585662484169e-03
1.172505132853984833e-02 4.517281353473663330e-01 1.276638656854629517e-01 4.172996804118156433e-02 6.442923098802566528e-02 2.192251011729240417e-02 1.756350696086883545e-02 8.140999823808670044e-03 1.882099173963069916e-02 5.385469179600477219e-03 6.150545552372932434e-03 2.207619100809097290e-01 2.887937705963850021e-03 1.568546722410246730e-04 1.563517434988170862e-04 1.540899538667872548e-04 1.555251947138458490e-04 1.566677965456619859e-04 1.550751621834933758e-04 1.553626352688297629e-04
1.624723337590694427e-02 4.349179565906524658e-01 1.260090768337249756e-01 6.982200592756271362e-02 7.583386451005935669e-02 3.594005480408668518e-02 2.198039740324020386e-02 1.553742401301860809e-02 4.208910837769508362e-02 8.904169313609600067e-03 7.643045391887426376e-03 1.342665404081344604e-01 4.912995733320713043e-03 8.447099826298654079e-04 8.334372541867196560e-04 8.436794742010533810e-04 8.489862666465342045e-04 8.399519720114767551e-04 8.364418754354119301e-04 8.489150204695761204e-04
2.700120396912097931e-02 9.607814252376556396e-02 4.415937140583992004e-02 2.491693571209907532e-02 5.163513123989105225e-02 3.623396530747413635e-02 4.414680227637290955e-02 3.208008408546447754e-02 6.112350896000862122e-02 2.753375470638275146e-02 2.803209424018859863e-02 5.028192400932312012e-01 1.979930512607097626e-02 6.408003973774611950e-04 6.350291660055518150e-04 6.284672999754548073e-04 6.405880558304488659e-04 6.305216811597347260e-04 6.334979552775621414e-04 6.315585924312472343e-04
5.169920623302459717e-02 1.231412962079048157e-01 4.786220565438270569e-02 3.122106939554214478e-02 5.832047015428543091e-02 3.834672644734382629e-02 3.958734497427940369e-02 3.408365324139595032e-02 9.694001823663711548e-02 3.477178886532783508e-02 3.872866928577423096e-02 3.669440150260925293e-01 2.639757096767425537e-02 1.726186950691044331e-03 1.699511543847620487e-03 1.716433675028383732e-03 1.716769183985888958e-03 1.688458374701440334e-03 1.696785911917686462e-03 1.711844000965356827e-03
1.046667061746120453e-02 7.048132419586181641e-01 1.507214307785034180e-01 5.088020116090774536e-02 4.310088604688644409e-02 8.942331187427043915e-03 6.770592648535966873e-03 1.811841269955039024e-03 4.546336364001035690e-03 7.116215419955551624e-04 7.172534824348986149e-04 1.592160202562808990e-02 1.769269147189334035e-04 6.064441913622431457e-05 5.952801802777685225e-05 5.930526822339743376e-05 5.959913323749788105e-05 6.050888623576611280e-05 5.962625800748355687e-05 5.981448703096248209e-05
3.136215731501579285e-02 4.696539640426635742e-01 1.475145667791366577e-01 8.792109042406082153e-02 6.770494580268859863e-02 2.291745133697986603e-02 1.488340552896261215e-02 7.323647383600473404e-03 2.033760771155357361e-02 4.343783482909202576e-03 4.996432457119226456e-03 1.161939576268196106e-01 2.299838000908493996e-03 3.674452309496700764e-04 3.602934593800455332e-04 3.664698742795735598e-04 3.663905372377485037e-04 3.606266109272837639e-04 3.588854160625487566e-04 3.670623991638422012e-04
6.371149420738220215e-01 1.212853342294692993e-01 4.065505415201187134e-02 1.508665923029184341e-02 2.429439686238765717e-02 1.233746856451034546e-02 1.368216238915920258e-02 6.936332210898399353e-03 9.978893212974071503e-03 4.329595249146223068e-03 1.393163111060857773e-02 9.314242005348205566e-02 4.050164017826318741e-03 4.578687075991183519e-04 4.539549408946186304e-04 4.515350738074630499e-04 4.579488304443657398e-04 4.492153238970786333e-04 4.558994551189243793e-04 4.484390374273061752e-04
7.557903975248336792e-02 3.485143184661865234e-01 7.763871550559997559e-02 2.673989906907081604e-02 3.620437905192375183e-02 1.453929115086793900e-02 1.197787187993526459e-02 7.801568135619163513e-03 2.697765082120895386e-02 6.309187039732933044e-03 2.040359191596508026e-02 3.407506942749023438e-01 4.766733851283788681e-03 2.604853943921625614e-04 2.527257311157882214e-04 2.590307267382740974e-04 2.588021161500364542e-04 2.559436252340674400e-04 2.553568920120596886e-04 2.546877076383680105e-04
