7.166081666946411133e-02 9.314429759979248047e-02 3.443887457251548767e-02 1.896935142576694489e-02 3.418274968862533569e-02 2.821983024477958679e-02 3.160219639539718628e-02 3.299127891659736633e-02 3.430252522230148315e-02 1.567655801773071289e-02 6.474041193723678589e-02 4.808643758296966553e-01 3.053095936775207520e-02 4.147704225033521652e-03 4.061207175254821777e-03 4.042277112603187561e-03 4.097769968211650848e-03 4.115220624953508377e-03 4.119335208088159561e-03 4.092181567102670670e-03
1.137057244777679443e-01 1.249472871422767639e-01 5.312602967023849487e-02 2.869510091841220856e-02 4.964725300669670105e-02 5.133030563592910767e-02 4.763376340270042419e-02 4.944027215242385864e-02 5.361268296837806702e-02 1.678772270679473877e-02 4.992825165390968323e-02 3.086453974246978760e-01 1.818231865763664246e-02 4.910231102257966995e-03 4.842628259211778641e-03 4.901587497442960739e-03 4.864832386374473572e-03 5.004066508263349533e-03 4.919915460050106049e-03 4.874613136053085327e-03
4.489513486623764038e-02 3.450938165187835693e-01 1.071875542402267456e-01 5.592682212591171265e-02 6.542424857616424561e-02 2.829169668257236481e-02 2.752755396068096161e-02 2.878325246274471283e-02 3.784769773483276367e-02 1.228554733097553253e-02 1.863758452236652374e-02 2.139679193496704102e-01 8.624944835901260376e-03 7.980298250913619995e-04 7.875149021856486797e-04 7.828648085705935955e-04 7.854953291825950146e-04 7.783430628478527069e-04 7.852725102566182613e-04 7.887058309279382229e-04
3.888788074254989624e-02 3.364768922328948975e-01 9.425430744886398315e-02 5.797704309225082397e-02 7.467565685510635376e-02 3.974864631891250610e-02 3.572074696421623230e-02 2.583534270524978638e-02 3.397369757294654846e-02 1.405753102153539658e-02 1.967089995741844177e-02 1.963413804769515991e-01 1.257110945880413055e-02 2.805253723636269569e-03 2.780781826004385948e-03 2.884596819058060646e-03 2.850970253348350525e-03 2.829505363479256630e-03 2.825247589498758316e-03 2.832495141774415970e-03
1.790446974337100983e-02 3.131506219506263733e-02 1.202650461345911026e-02 7.511235773563385010e-03 2.254988439381122589e-02 3.436379879713058472e-02 7.477316260337829590e-02 9.341050684452056885e-02 1.404557973146438599e-01 6.418929249048233032e-02 8.704770356416702271e-02 3.692315816879272461e-01 4.036394506692886353e-02 7.059843046590685844e-04 6.920725572854280472e-04 6.903773755766451359e-04 7.034069858491420746e-04 6.876442348584532738e-04 6.951586692593991756e-04 6.824627635069191456e-04
2.636554092168807983e-02 4.611364006996154785e-02 1.735005341470241547e-02 1.043945457786321640e-02 3.223955631256103516e-02 3.777434676885604858e-02 7.235758751630783081e-02 7.766464352607727051e-02 1.063874065876007080e-01 6.455990672111511230e-02 6.984379887580871582e-02 3.877317011356353760e-01 3.971409797668457031e-02 1.619685324840247631e-03 1.610351144336163998e-03 1.678291475400328636e-03 1.644578296691179276e-03 1.607913291081786156e-03 1.649604877457022667e-03 1.647803001105785370e-03
3.612936660647392273e-02 4.916487932205200195e-01 1.401770263910293579e-01 7.494889944791793823e-02 6.322026997804641724e-02 2.232344076037406921e-02 1.827179454267024994e-02 1.248670369386672974e-02 1.338829193264245987e-02 4.580103792250156403e-03 8.252505213022232056e-03 1.091561838984489441e-01 2.528460463508963585e-03 4.158815136179327965e-04 4.129432782065123320e-04 4.106392443645745516e-04 4.122767131775617599e-04 4.116161435376852751e-04 4.076249606441706419e-04 4.170860047452151775e-04
3.173527121543884277e-02 2.934358716011047363e-01 6.921173632144927979e-02 5.672515183687210083e-02 4.719388484954833984e-02 2.208936214447021484e-02 2.044381760060787201e-02 1.205039117485284805e-02 1.781478524208068848e-02 7.761586923152208328e-03 2.028154581785202026e-02 3.856671750545501709e-01 8.773052133619785309e-03 9.692914900369942188e-04 9.566847584210336208e-04 9.879563003778457642e-04 9.792690398171544075e-04 9.690294973552227020e-04 9.736269130371510983e-04 9.805174777284264565e-04
2.092718333005905151e-01 6.853469461202621460e-02 2.317476272583007812e-02 1.239909883588552475e-02 1.691775768995285034e-02 1.350259967148303986e-02 1.218301523476839066e-02 1.076700910925865173e-02 2.237310446798801422e-02 5.311995744705200195e-03 3.154631331562995911e-02 5.649768710136413574e-01 7.246138062328100204e-03 2.597042184788733721e-04 2.526265161577612162e-04 2.577154082246124744e-04 2.551366633269935846e-04 2.590791264083236456e-04 2.541812427807599306e-04 2.563483431003987789e-04
5.698537454009056091e-02 3.226959407329559326e-01 8.889780193567276001e-02 7.146327197551727295e-02 4.997548088431358337e-02 1.410386804491281509e-02 7.896296679973602295e-03 5.324870813637971878e-03 1.339664030820131302e-02 2.747352235019207001e-03 7.767079863697290421e-03 3.538725972175598145e-01 2.080820500850677490e-03 3.969980753026902676e-04 3.926955687347799540e-04 4.073769086971879005e-04 3.983998612966388464e-04 3.923384356312453747e-04 4.020855412818491459e-04 4.027152608614414930e-04
