6.204150617122650146e-02 5.370781421661376953e-01 4.784074053168296814e-02 1.448701694607734680e-02 1.854085177183151245e-02 7.608863525092601776e-03 5.120897199958562851e-03 2.630562521517276764e-03 3.184553468599915504e-03 3.277263138443231583e-03 1.672234013676643372e-02 2.732399702072143555e-01 6.730380933731794357e-03 2.135402901330962777e-04 2.148472121916711330e-04 2.115546521963551641e-04 2.127974585164338350e-04 2.154740650439634919e-04 2.145558391930535436e-04 2.142320736311376095e-04
1.293775439262390137e-02 7.446551918983459473e-01 4.617090523242950439e-02 1.622642576694488525e-02 2.113485150039196014e-02 9.373950771987438202e-03 6.738112773746252060e-03 4.162971395999193192e-03 4.644510801881551743e-03 2.133246976882219315e-03 9.198632091283798218e-03 1.178009659051895142e-01 3.199043450877070427e-03 2.319046325283125043e-04 2.328775590285658836e-04 2.295997110195457935e-04 2.301600761711597443e-04 2.341889194212853909e-04 2.329151029698550701e-04 2.318259212188422680e-04
1.386594958603382111e-03 8.659659624099731445e-01 7.189009338617324829e-02 2.399219572544097900e-02 2.151669189333915710e-02 5.634001921862363815e-03 3.687915625050663948e-03 1.175995217636227608e-03 6.448372732847929001e-04 2.527116448618471622e-04 5.158358180779032409e-05 3.382705384865403175e-03 9.544684144202619791e-05 4.622679625754244626e-05 4.643392821890302002e-05 4.563075708574615419e-05 4.575342245516367257e-05 4.675666787079535425e-05 4.618083403329364955e-05 4.631646152120083570e-05
1.603248645551502705e-03 7.937297224998474121e-01 1.091350838541984558e-01 3.427776321768760681e-02 3.847720101475715637e-02 8.808849379420280457e-03 4.742508754134178162e-03 1.540160505101084709e-03 1.002217759378254414e-03 3.538906166795641184e-04 6.680827209493145347e-05 5.678884219378232956e-03 1.463950611650943756e-04 6.253609899431467056e-05 6.280307570705190301e-05 6.170999404275789857e-05 6.193451554281637073e-05 6.318683881545439363e-05 6.245248368941247463e-05 6.258209759835153818e-05
9.223029948770999908e-03 6.863498091697692871e-01 1.400620192289352417e-01 4.993002489209175110e-02 6.704615056514739990e-02 1.748959533870220184e-02 1.288490742444992065e-02 4.482364747673273087e-03 2.513272454962134361e-03 1.325647463090717793e-03 9.967300866264849901e-05 7.627352140843868256e-03 4.138910153415054083e-04 7.902218203525990248e-05 7.935484609333798289e-05 7.805187487974762917e-05 7.823140185791999102e-05 7.934431778267025948e-05 7.880137854954227805e-05 7.938867929624393582e-05
2.370866760611534119e-02 2.426801174879074097e-01 1.045310348272323608e-01 6.583716720342636108e-02 1.957463622093200684e-01 1.076155230402946472e-01 6.968320906162261963e-02 3.061119839549064636e-02 2.573046088218688965e-02 1.004023663699626923e-02 1.421141088940203190e-03 1.166855841875076294e-01 2.982906065881252289e-03 3.892675158567726612e-04 3.912114771082997322e-04 3.855325630865991116e-04 3.867363266181200743e-04 3.928022051695734262e-04 3.901059099007397890e-04 3.907330974470824003e-04
1.536724390462040901e-03 8.926130533218383789e-01 7.398504763841629028e-02 1.637813076376914978e-02 1.210676971822977066e-02 1.647792989388108253e-03 9.802972199395298958e-04 1.641472190385684371e-04 9.964314085664227605e-05 9.937951108440756798e-05 1.084181894839275628e-05 2.742566866800189018e-04 1.409495871484978124e-05 1.282464927498949692e-05 1.291586886509321630e-05 1.267551579076098278e-05 1.269708809559233487e-05 1.294341564062051475e-05 1.283553956454852596e-05 1.291311127715744078e-05
2.479486865922808647e-03 8.949316740036010742e-01 6.626010686159133911e-02 1.545662526041269302e-02 1.412196643650531769e-02 2.461682772263884544e-03 1.362171140499413013e-03 3.601947682909667492e-04 2.707711537368595600e-04 1.771220995578914881e-04 3.515401112963445485e-05 1.840999699197709560e-03 6.474734982475638390e-05 2.531220343371387571e-05 2.543437585700303316e-05 2.504963231331203133e-05 2.511936327209696174e-05 2.553319245635066181e-05 2.535332168918102980e-05 2.547895019233692437e-05
6.914178133010864258e-01 1.227160766720771790e-01 3.730525076389312744e-02 1.652215421199798584e-02 1.981672085821628571e-02 1.321203354746103287e-02 1.159023772925138474e-02 8.338654413819313049e-03 1.176435779780149460e-02 3.255869261920452118e-03 1.882367208600044250e-02 4.056569188833236694e-02 2.183479955419898033e-03 3.554051509127020836e-04 3.560004697646945715e-04 3.514592535793781281e-04 3.528778615873306990e-04 3.600818454287946224e-04 3.574113943614065647e-04 3.547475207597017288e-04
1.147055104374885559e-01 5.915614962577819824e-01 7.231805473566055298e-02 2.095986716449260712e-02 2.987883426249027252e-02 1.443072967231273651e-02 9.081436321139335632e-03 3.217746969312429428e-03 6.931475363671779633e-03 1.702119968831539154e-02 2.159456349909305573e-02 9.194358438253402710e-02 3.612140659242868423e-03 3.915877896361052990e-04 3.936640569008886814e-04 3.868417115882039070e-04 3.878862771671265364e-04 3.973087586928158998e-04 3.934079140890389681e-04 3.927837242372334003e-04
