1.569795981049537659e-02 2.873609066009521484e-01 6.002764403820037842e-02 1.197842415422201157e-02 3.393333405256271362e-02 1.173907984048128128e-02 1.184838823974132538e-02 1.129620708525180817e-02 4.727683030068874359e-03 2.113344613462686539e-03 4.264313261955976486e-03 5.316423177719116211e-01 1.273869629949331284e-02 8.856822387315332890e-05 9.579950710758566856e-05 9.153143764706328511e-05 8.429031004197895527e-05 8.683336636750027537e-05 9.863871673587709665e-05 8.609791257185861468e-05
5.895515903830528259e-03 6.513996124267578125e-01 8.643273264169692993e-02 2.391207404434680939e-02 3.610964119434356689e-02 3.162076696753501892e-02 2.543986029922962189e-02 2.403411641716957092e-02 6.670355796813964844e-03 3.975357394665479660e-03 2.111403038725256920e-03 9.775052964687347412e-02 3.500435501337051392e-03 1.617306552361696959e-04 1.703142479527741671e-04 1.668185432208701968e-04 1.558609219500795007e-04 1.596448855707421899e-04 1.744768960634246469e-04 1.588352897670120001e-04
5.150339566171169281e-03 8.651871681213378906e-01 7.925642281770706177e-02 9.412246756255626678e-03 2.845256216824054718e-02 2.636010525748133659e-03 1.940902089700102806e-03 7.695565582253038883e-04 6.559840985573828220e-04 7.364311604760587215e-04 3.133604186587035656e-04 5.278605967760086060e-03 1.408746320521458983e-04 9.830559065449051559e-06 1.024528410198399797e-05 1.007927312457468361e-05 9.574952855473384261e-06 9.743132977746427059e-06 1.047950627253158018e-05 9.744007002154830843e-06
3.673404688015580177e-03 8.633881807327270508e-01 6.528127938508987427e-02 1.809302903711795807e-02 2.805200964212417603e-02 4.990306682884693146e-03 3.610709216445684433e-03 2.096608979627490044e-03 1.544320140965282917e-03 7.361786556430160999e-04 3.762369742617011070e-04 7.597778923809528351e-03 3.742517437785863876e-04 2.619574115669820458e-05 2.727981700445525348e-05 2.691180270630866289e-05 2.559462882345542312e-05 2.598008722998201847e-05 2.779680653475224972e-05 2.598323590063955635e-05
1.078018080443143845e-02 3.120513558387756348e-01 7.201896607875823975e-02 3.070470876991748810e-02 6.199611723423004150e-02 3.526619821786880493e-02 4.337701573967933655e-02 4.111715033650398254e-02 1.615069061517715454e-02 1.008250378072261810e-02 1.074647624045610428e-02 3.335206210613250732e-01 1.947359368205070496e-02 3.830272471532225609e-04 4.022253269795328379e-04 3.931840474251657724e-04 3.707790456246584654e-04 3.783486317843198776e-04 4.101346421521157026e-04 3.767147718463093042e-04
6.137574557214975357e-03 1.509392708539962769e-01 4.706990718841552734e-02 1.500838529318571091e-02 7.102982699871063232e-02 4.846007004380226135e-02 4.592670872807502747e-02 3.270757943391799927e-02 3.640833497047424316e-02 2.904839813709259033e-02 1.825542934238910675e-02 4.880762100219726562e-01 9.327038191258907318e-03 2.265705552417784929e-04 2.378663775743916631e-04 2.335902972845360637e-04 2.181245654355734587e-04 2.228699449915438890e-04 2.438432566123083234e-04 2.223349583800882101e-04
2.855542115867137909e-03 9.511972665786743164e-01 3.665975108742713928e-02 4.576345905661582947e-03 4.159985110163688660e-03 1.728085044305771589e-04 1.664835290284827352e-04 2.315821984666399658e-05 4.962500679539516568e-05 2.416867209831252694e-05 6.537130047945538536e-06 1.011720742098987103e-04 1.611359152775548864e-06 7.865422162467439193e-07 8.040397005970589817e-07 7.972076332407596055e-07 7.745554739813087508e-07 7.849184271435660776e-07 8.166211955540347844e-07 7.826311616554448847e-07
9.850629605352878571e-03 8.810789585113525391e-01 6.343096494674682617e-02 2.029736526310443878e-02 1.599863730370998383e-02 1.735111000016331673e-03 1.399495406076312065e-03 3.460723673924803734e-04 4.740840813610702753e-04 3.033354005310684443e-04 9.174806473311036825e-05 4.817629698663949966e-03 9.384420991409569979e-05 1.161399723059730604e-05 1.205878470500465482e-05 1.186682766274316236e-05 1.133015666709979996e-05 1.152514414570759982e-05 1.223854724230477586e-05 1.149866329797077924e-05
7.609777450561523438e-01 1.912228614091873169e-01 1.700980588793754578e-02 1.077844016253948212e-02 1.018491107970476151e-02 1.849451102316379547e-03 1.322867814451456070e-03 1.076279557310044765e-03 9.703464456833899021e-04 1.683559676166623831e-04 1.088282908312976360e-03 3.217559773474931717e-03 2.556853905844036490e-05 1.519605666544521227e-05 1.578352203068789095e-05 1.550032538943924010e-05 1.486147812101989985e-05 1.505406453361501917e-05 1.603914279257878661e-05 1.496637196396477520e-05
1.774962842464447021e-01 7.085403800010681152e-01 5.288957431912422180e-02 1.865497790277004242e-02 1.670043542981147766e-02 4.525399766862392426e-03 3.135074395686388016e-03 9.621638455428183079e-04 1.021567615680396557e-03 4.267481854185461998e-04 5.222117179073393345e-04 1.490967813879251480e-02 8.249397069448605180e-05 1.881894058897159994e-05 1.974594488274306059e-05 1.922264164022635669e-05 1.831754889281000942e-05 1.850736589403823018e-05 2.002604924200568348e-05 1.850327134889084846e-05
