1.661846973001956940e-02 6.209208369255065918e-01 7.005453854799270630e-02 3.527748957276344299e-02 4.627982527017593384e-02 3.162416443228721619e-02 4.271852970123291016e-02 1.435225829482078552e-02 1.303777098655700684e-02 2.362376311793923378e-03 1.624425756745040417e-03 1.000167503952980042e-01 2.206247067078948021e-03 4.261899157427251339e-04 4.133481415919959545e-04 4.109693400096148252e-04 4.331068776082247496e-04 3.984121431130915880e-04 4.030064446851611137e-04 4.211342602502554655e-04
7.029113825410604477e-03 7.664293646812438965e-01 6.721226871013641357e-02 2.631038054823875427e-02 3.448341786861419678e-02 1.871538348495960236e-02 1.753189601004123688e-02 5.450769327580928802e-03 4.291426390409469604e-03 9.564509382471442223e-04 6.667152047157287598e-04 4.871036857366561890e-02 8.579214336350560188e-04 1.982483518077060580e-04 1.918522611958906054e-04 1.939953071996569633e-04 1.994348567677661777e-04 1.854420115705579519e-04 1.884785742731764913e-04 1.970234152395278215e-04
7.550428854301571846e-04 7.441871762275695801e-01 9.588368982076644897e-02 2.277882583439350128e-02 4.034226387739181519e-02 1.874104142189025879e-02 1.857615634799003601e-02 7.960601709783077240e-03 5.270995665341615677e-03 8.170666405931115150e-04 1.381728652631863952e-04 4.283798113465309143e-02 5.802352097816765308e-04 1.654473016969859600e-04 1.635648513911291957e-04 1.668453041929751635e-04 1.609014580026268959e-04 1.566263672430068254e-04 1.537619828013703227e-04 1.635371008887887001e-04
5.558505654335021973e-04 5.317291021347045898e-01 2.017250955104827881e-01 3.497172147035598755e-02 1.244738623499870300e-01 3.856552019715309143e-02 2.108434215188026428e-02 6.615209393203258514e-03 5.054097156971693039e-03 5.066678277216851711e-04 4.752045788336545229e-05 3.378526866436004639e-02 2.542300208006054163e-04 9.333470370620489120e-05 9.240527288056910038e-05 9.229298302670940757e-05 8.979377889772877097e-05 8.757579780649393797e-05 8.562962466385215521e-05 9.046576451510190964e-05
2.524336101487278938e-03 3.220934271812438965e-01 7.589346170425415039e-02 1.642715558409690857e-02 1.122939288616180420e-01 7.825849950313568115e-02 8.880976587533950806e-02 4.456946253776550293e-02 1.134742349386215210e-01 7.966262847185134888e-02 4.684423096477985382e-03 5.484891682863235474e-02 3.444243455305695534e-03 4.426029627211391926e-04 4.246829194016754627e-04 4.439684271346777678e-04 4.328936047386378050e-04 4.206476442050188780e-04 4.168287559878081083e-04 4.338555445428937674e-04
2.886091824620962143e-03 4.576278626918792725e-01 1.205186098814010620e-01 2.168160490691661835e-02 1.518633663654327393e-01 7.091673463582992554e-02 6.109151616692543030e-02 2.918875403702259064e-02 5.040915310382843018e-02 1.396365649998188019e-02 4.506165860220789909e-04 1.739235222339630127e-02 5.316476454026997089e-04 2.199288137489929795e-04 2.086766762658953667e-04 2.166975027648732066e-04 2.116351242875680327e-04 2.060679689748212695e-04 2.041718689724802971e-04 2.108911576215177774e-04
2.350763650611042976e-03 9.140728116035461426e-01 5.525311455130577087e-02 1.332516036927700043e-02 1.121220272034406662e-02 1.790677430108189583e-03 1.115196617320179939e-03 2.581361914053559303e-04 1.817463926272466779e-04 7.469028787454590201e-05 1.192481977341230959e-05 2.514801744837313890e-04 1.230733232659986243e-05 1.326053825323469937e-05 1.222561968461377546e-05 1.307546062889741734e-05 1.268991036340594292e-05 1.239596076629823074e-05 1.281638469663448632e-05 1.338522997684776783e-05
3.721405984833836555e-03 8.853165507316589355e-01 6.476894021034240723e-02 1.824491471052169800e-02 1.771161518990993500e-02 4.129762295633554459e-03 2.800599904730916023e-03 8.187748608179390430e-04 5.499086109921336174e-04 1.958933717105537653e-04 3.309451130917295814e-05 1.454994548112154007e-03 5.410623271018266678e-05 2.936460623459424824e-05 2.737191789492499083e-05 2.900821891671512276e-05 2.851045974239241332e-05 2.755917557806242257e-05 2.825806404871400446e-05 2.935253723990172148e-05
6.205585598945617676e-01 1.937555819749832153e-01 2.521705441176891327e-02 1.483652740716934204e-02 1.880955509841442108e-02 1.520656980574131012e-02 1.992953009903430939e-02 7.799813058227300644e-03 7.401798386126756668e-03 1.248072367161512375e-03 2.691203495487570763e-03 6.924327462911605835e-02 1.524259918369352818e-03 2.585290349088609219e-04 2.458542585372924805e-04 2.439398667775094509e-04 2.693298738449811935e-04 2.480355906300246716e-04 2.550506324041634798e-04 2.575196558609604836e-04
1.852379739284515381e-02 7.968096733093261719e-01 7.058218866586685181e-02 3.176545724272727966e-02 3.052671253681182861e-02 1.388215459883213043e-02 1.277835480868816376e-02 1.970422221347689629e-03 2.979087410494685173e-03 1.863024663180112839e-03 9.852481307461857796e-04 1.600707322359085083e-02 6.615085294470191002e-04 9.781064727576449513e-05 9.157823660643771291e-05 9.508518269285559654e-05 9.827900066738948226e-05 9.084468183573335409e-05 9.514123667031526566e-05 9.666354890214279294e-05
