1.801906153559684753e-03 9.585365653038024902e-01 3.193973377346992493e-02 3.979716449975967407e-03 3.038871334865689278e-03 1.795508433133363724e-04 6.866349576739594340e-05 1.599708775756880641e-05 9.936157584888860583e-05 1.299375162489013746e-05 4.539637302514165640e-06 3.021525335498154163e-04 5.659581347572384402e-06 2.142240873581613414e-06 1.722202568998909555e-06 2.045045221166219562e-06 1.954012077476363629e-06 1.861949613157776184e-06 2.296459570061415434e-06 2.166589638363802806e-06
2.430090680718421936e-02 9.129063487052917480e-01 4.151685908436775208e-02 6.871861405670642853e-03 8.690525777637958527e-03 9.815607918426394463e-04 4.474904853850603104e-04 1.594069326529279351e-04 7.553329342044889927e-04 1.686476898612454534e-04 1.251974026672542095e-04 2.807101001963019371e-03 1.097226268029771745e-04 2.330681854800786823e-05 1.908092053781729192e-05 2.228438279416877776e-05 2.346879227843601257e-05 2.129861240973696113e-05 2.564234273449983448e-05 2.389331530139315873e-05
7.203019922599196434e-04 9.130288846790790558e-03 3.452747594565153122e-03 8.821702795103192329e-04 6.571682635694742203e-03 3.054879140108823776e-03 2.257752697914838791e-03 2.482859184965491295e-03 1.239284966140985489e-02 3.275975584983825684e-03 1.738068182021379471e-03 9.445704221725463867e-01 9.303066879510879517e-03 2.366389890084974468e-05 2.451920954626984894e-05 2.193961154262069613e-05 2.354762182221747935e-05 2.468113416398409754e-05 2.350905197090469301e-05 2.508204852347262204e-05
2.030040137469768524e-03 9.457618594169616699e-01 2.614794671535491943e-02 3.914217930287122726e-03 5.131705198436975479e-03 5.211193929426372051e-04 2.417672803858295083e-04 1.107951611629687250e-04 5.698559689335525036e-04 2.082310675177723169e-04 1.141388565883971751e-04 1.497631706297397614e-02 2.119368728017434478e-04 8.712843737157527357e-06 7.427076070598559454e-06 8.393407370022032410e-06 8.162220183294266462e-06 8.395864824706222862e-06 9.123705240199342370e-06 9.860289537755306810e-06
7.891268469393253326e-03 1.609126031398773193e-01 3.466510400176048279e-02 9.978478774428367615e-03 4.500497505068778992e-02 2.208463475108146667e-02 1.847651787102222443e-02 1.702498272061347961e-02 7.987978309392929077e-02 4.180349037051200867e-02 2.612956240773200989e-02 4.935760200023651123e-01 3.666590154170989990e-02 8.485373109579086304e-04 7.815299322828650475e-04 8.231481187976896763e-04 8.164670434780418873e-04 8.832307066768407822e-04 8.827675483189523220e-04 8.710098336450755596e-04
1.290057599544525146e-02 6.879918575286865234e-01 2.705011330544948578e-02 6.308582611382007599e-03 1.217267103493213654e-02 2.115766284987330437e-03 1.343984738923609257e-03 8.858332876116037369e-04 6.045114248991012573e-03 2.845572540536522865e-03 3.107836004346609116e-03 2.294385880231857300e-01 7.195992860943078995e-03 8.668150258017703891e-05 7.655949593754485250e-05 8.630930824438109994e-05 8.009980228962376714e-05 8.644053013995289803e-05 8.777121547609567642e-05 9.365419100504368544e-05
5.804572720080614090e-03 9.449035525321960449e-01 4.098987206816673279e-02 4.546972457319498062e-03 2.669442910701036453e-03 1.378971937811002135e-04 5.572910231421701610e-05 1.645507290959358215e-05 1.001285927486605942e-04 2.300623964401893318e-05 1.487184727011481300e-05 6.976829026825726032e-04 1.679535853327251971e-05 3.291573420938220806e-06 2.730447477006237023e-06 3.171424850734183565e-06 3.293523377578821965e-06 3.212234560123761185e-06 3.792431016336195171e-06 3.511381464704754762e-06
2.918414247687906027e-04 9.904608130455017090e-01 8.441262878477573395e-03 4.934081225655972958e-04 2.663175400812178850e-04 9.969469829229637980e-06 6.973378276597941294e-06 1.484407789575925563e-06 6.503784788947086781e-06 7.453934927070804406e-07 1.692204705250333063e-07 1.985871494980528951e-05 1.989759397247325978e-07 7.606001162230313639e-08 5.206467079688081867e-08 6.744856761997652939e-08 6.307123356918964419e-08 5.659905610855275881e-08 7.021705528131860774e-08 6.938842034287517890e-08
9.035855531692504883e-01 5.333723127841949463e-02 9.708114899694919586e-03 7.188511546701192856e-03 6.320571526885032654e-03 3.070520935580134392e-03 3.143120557069778442e-03 1.260250341147184372e-03 2.452261978760361671e-03 2.049544273177161813e-04 7.038073381409049034e-04 8.378837257623672485e-03 3.111143014393746853e-04 4.873757279710844159e-05 4.675671152654103935e-05 4.960839214618317783e-05 4.541770977084524930e-05 4.550806625047698617e-05 5.158525164006277919e-05 4.749954314320348203e-05
4.971252083778381348e-01 4.547955095767974854e-01 2.322977036237716675e-02 6.730736233294010162e-03 9.199881926178932190e-03 1.524783903732895851e-03 1.179788610897958279e-03 4.409464308992028236e-04 1.591440755873918533e-03 2.505467273294925690e-04 4.124066326767206192e-04 3.010589163750410080e-03 1.978961809072643518e-04 4.409870234667323530e-05 3.723881309269927442e-05 4.347521826275624335e-05 4.475498644751496613e-05 4.079630525666289032e-05 4.908678965875878930e-05 5.104447336634621024e-05
